(kicad_pcb (version 20171130) (host pcbnew "(5.0.0-rc2-dev-321-g78161b592)")

  (general
    (thickness 1.6)
    (drawings 17)
    (tracks 411)
    (zones 0)
    (modules 56)
    (nets 51)
  )

  (page A4)
  (layers
    (0 F.Cu signal)
    (31 B.Cu signal)
    (32 B.Adhes user)
    (33 F.Adhes user)
    (34 B.Paste user)
    (35 F.Paste user)
    (36 B.SilkS user)
    (37 F.SilkS user)
    (38 B.Mask user)
    (39 F.Mask user)
    (40 Dwgs.User user)
    (41 Cmts.User user)
    (42 Eco1.User user)
    (43 Eco2.User user)
    (44 Edge.Cuts user)
    (45 Margin user)
    (46 B.CrtYd user)
    (47 F.CrtYd user)
    (48 B.Fab user hide)
    (49 F.Fab user hide)
  )

  (setup
    (last_trace_width 0.3)
    (user_trace_width 0.25)
    (user_trace_width 0.5)
    (user_trace_width 0.75)
    (user_trace_width 1)
    (user_trace_width 1.5)
    (user_trace_width 2)
    (trace_clearance 0.2)
    (zone_clearance 0.508)
    (zone_45_only no)
    (trace_min 0.2)
    (segment_width 0.2)
    (edge_width 0.15)
    (via_size 0.8)
    (via_drill 0.4)
    (via_min_size 0.6)
    (via_min_drill 0.3)
    (uvia_size 0.3)
    (uvia_drill 0.1)
    (uvias_allowed no)
    (uvia_min_size 0.2)
    (uvia_min_drill 0.1)
    (pcb_text_width 0.3)
    (pcb_text_size 1.5 1.5)
    (mod_edge_width 0.15)
    (mod_text_size 1 1)
    (mod_text_width 0.15)
    (pad_size 1.524 1.524)
    (pad_drill 0.762)
    (pad_to_mask_clearance 0.2)
    (aux_axis_origin 0 0)
    (visible_elements 7FFFFFFF)
    (pcbplotparams
      (layerselection 0x010fc_ffffffff)
      (usegerberextensions false)
      (usegerberattributes false)
      (usegerberadvancedattributes false)
      (creategerberjobfile false)
      (excludeedgelayer true)
      (linewidth 0.100000)
      (plotframeref false)
      (viasonmask false)
      (mode 1)
      (useauxorigin false)
      (hpglpennumber 1)
      (hpglpenspeed 20)
      (hpglpendiameter 15)
      (psnegative false)
      (psa4output false)
      (plotreference true)
      (plotvalue true)
      (plotinvisibletext false)
      (padsonsilk false)
      (subtractmaskfromsilk false)
      (outputformat 1)
      (mirror false)
      (drillshape 0)
      (scaleselection 1)
      (outputdirectory "../6.2018 jlc tilaus/rgbw dimmer/"))
  )

  (net 0 "")
  (net 1 GND)
  (net 2 +12V)
  (net 3 +3V3)
  (net 4 "Net-(C7-Pad1)")
  (net 5 "Net-(C7-Pad2)")
  (net 6 "Net-(C8-Pad1)")
  (net 7 "Net-(F1-Pad1)")
  (net 8 "Net-(F1-Pad2)")
  (net 9 "Net-(F10-Pad2)")
  (net 10 "Net-(F2-Pad1)")
  (net 11 "Net-(F3-Pad1)")
  (net 12 "Net-(F11-Pad2)")
  (net 13 "Net-(F12-Pad2)")
  (net 14 "Net-(F4-Pad1)")
  (net 15 "Net-(F5-Pad1)")
  (net 16 "Net-(F6-Pad1)")
  (net 17 "Net-(F7-Pad1)")
  (net 18 "Net-(F8-Pad1)")
  (net 19 "Net-(F9-Pad1)")
  (net 20 "Net-(F10-Pad1)")
  (net 21 "Net-(F11-Pad1)")
  (net 22 "Net-(F12-Pad1)")
  (net 23 "Net-(F13-Pad1)")
  (net 24 "Net-(F14-Pad1)")
  (net 25 "Net-(F15-Pad1)")
  (net 26 "Net-(F16-Pad1)")
  (net 27 "Net-(F17-Pad1)")
  (net 28 "Net-(F18-Pad1)")
  (net 29 "Net-(F19-Pad1)")
  (net 30 "Net-(F20-Pad1)")
  (net 31 "Net-(U1-Pad8)")
  (net 32 "Net-(U1-Pad7)")
  (net 33 fet_R)
  (net 34 fet_G)
  (net 35 fet_B)
  (net 36 fet_W)
  (net 37 "Net-(U1-Pad1)")
  (net 38 "Net-(U1-Pad13)")
  (net 39 "Net-(U1-Pad12)")
  (net 40 "Net-(U1-Pad11)")
  (net 41 "Net-(U1-Pad10)")
  (net 42 "Net-(U1-Pad9)")
  (net 43 "Net-(F21-Pad1)")
  (net 44 "Net-(F22-Pad1)")
  (net 45 "Net-(F23-Pad1)")
  (net 46 "Net-(F24-Pad1)")
  (net 47 "Net-(J8-Pad3)")
  (net 48 "Net-(JP1-Pad3)")
  (net 49 "Net-(J8-Pad2)")
  (net 50 "Net-(JP2-Pad1)")

  (net_class Default "This is the default net class."
    (clearance 0.2)
    (trace_width 0.3)
    (via_dia 0.8)
    (via_drill 0.4)
    (uvia_dia 0.3)
    (uvia_drill 0.1)
    (add_net "Net-(C7-Pad1)")
    (add_net "Net-(C7-Pad2)")
    (add_net "Net-(C8-Pad1)")
    (add_net "Net-(F1-Pad1)")
    (add_net "Net-(F1-Pad2)")
    (add_net "Net-(F10-Pad1)")
    (add_net "Net-(F10-Pad2)")
    (add_net "Net-(F11-Pad1)")
    (add_net "Net-(F11-Pad2)")
    (add_net "Net-(F12-Pad1)")
    (add_net "Net-(F12-Pad2)")
    (add_net "Net-(F13-Pad1)")
    (add_net "Net-(F14-Pad1)")
    (add_net "Net-(F15-Pad1)")
    (add_net "Net-(F16-Pad1)")
    (add_net "Net-(F17-Pad1)")
    (add_net "Net-(F18-Pad1)")
    (add_net "Net-(F19-Pad1)")
    (add_net "Net-(F2-Pad1)")
    (add_net "Net-(F20-Pad1)")
    (add_net "Net-(F21-Pad1)")
    (add_net "Net-(F22-Pad1)")
    (add_net "Net-(F23-Pad1)")
    (add_net "Net-(F24-Pad1)")
    (add_net "Net-(F3-Pad1)")
    (add_net "Net-(F4-Pad1)")
    (add_net "Net-(F5-Pad1)")
    (add_net "Net-(F6-Pad1)")
    (add_net "Net-(F7-Pad1)")
    (add_net "Net-(F8-Pad1)")
    (add_net "Net-(F9-Pad1)")
    (add_net "Net-(J8-Pad2)")
    (add_net "Net-(J8-Pad3)")
    (add_net "Net-(JP1-Pad3)")
    (add_net "Net-(JP2-Pad1)")
    (add_net "Net-(U1-Pad1)")
    (add_net "Net-(U1-Pad10)")
    (add_net "Net-(U1-Pad11)")
    (add_net "Net-(U1-Pad12)")
    (add_net "Net-(U1-Pad13)")
    (add_net "Net-(U1-Pad7)")
    (add_net "Net-(U1-Pad8)")
    (add_net "Net-(U1-Pad9)")
    (add_net fet_B)
    (add_net fet_G)
    (add_net fet_R)
    (add_net fet_W)
  )

  (net_class Power ""
    (clearance 0.2)
    (trace_width 0.5)
    (via_dia 0.8)
    (via_drill 0.4)
    (uvia_dia 0.3)
    (uvia_drill 0.1)
    (add_net +12V)
    (add_net +3V3)
    (add_net GND)
  )

  (module Jumper:SolderJumper-2_P1.3mm_Bridged_RoundedPad1.0x1.5mm (layer F.Cu) (tedit 5A3EAE8E) (tstamp 5B10D2A5)
    (at 126.25 79.5 180)
    (descr "SMD Solder Jumper, 1x1.5mm, rounded Pads, 0.3mm gap, bridged with 1 copper strip")
    (tags "solder jumper open")
    (path /5AF7EF1D/5AFE2F25)
    (attr virtual)
    (fp_text reference JP2 (at 0 -1.8 180) (layer F.SilkS)
      (effects (font (size 1 1) (thickness 0.15)))
    )
    (fp_text value SolderJumper_2_Bridged (at 0 1.9 180) (layer F.Fab)
      (effects (font (size 1 1) (thickness 0.15)))
    )
    (fp_arc (start 0.7 -0.3) (end 1.4 -0.3) (angle -90) (layer F.SilkS) (width 0.12))
    (fp_arc (start 0.7 0.3) (end 0.7 1) (angle -90) (layer F.SilkS) (width 0.12))
    (fp_arc (start -0.7 0.3) (end -1.4 0.3) (angle -90) (layer F.SilkS) (width 0.12))
    (fp_arc (start -0.7 -0.3) (end -0.7 -1) (angle -90) (layer F.SilkS) (width 0.12))
    (fp_line (start -1.4 0.3) (end -1.4 -0.3) (layer F.SilkS) (width 0.12))
    (fp_line (start 0.7 1) (end -0.7 1) (layer F.SilkS) (width 0.12))
    (fp_line (start 1.4 -0.3) (end 1.4 0.3) (layer F.SilkS) (width 0.12))
    (fp_line (start -0.7 -1) (end 0.7 -1) (layer F.SilkS) (width 0.12))
    (fp_line (start -1.65 -1.25) (end 1.65 -1.25) (layer F.CrtYd) (width 0.05))
    (fp_line (start -1.65 -1.25) (end -1.65 1.25) (layer F.CrtYd) (width 0.05))
    (fp_line (start 1.65 1.25) (end 1.65 -1.25) (layer F.CrtYd) (width 0.05))
    (fp_line (start 1.65 1.25) (end -1.65 1.25) (layer F.CrtYd) (width 0.05))
    (pad 1 smd rect (at 0 0 180) (size 0.5 0.6) (layers F.Cu F.Mask)
      (net 50 "Net-(JP2-Pad1)"))
    (pad 2 smd roundrect (at 0.65 0 180) (size 1 1.5) (layers F.Cu F.Mask)(roundrect_rratio 0.5)
      (net 2 +12V))
    (pad 1 smd roundrect (at -0.65 0 180) (size 1 1.5) (layers F.Cu F.Mask)(roundrect_rratio 0.5)
      (net 50 "Net-(JP2-Pad1)"))
    (pad 1 smd rect (at -0.4 0 180) (size 0.5 1.5) (layers F.Cu F.Mask)
      (net 50 "Net-(JP2-Pad1)"))
    (pad 2 smd rect (at 0.4 0 180) (size 0.5 1.5) (layers F.Cu F.Mask)
      (net 2 +12V))
  )

  (module TestPoint:TestPoint_Pad_D1.0mm (layer F.Cu) (tedit 5A0F774F) (tstamp 5B10D100)
    (at 126.5 76.25)
    (descr "SMD pad as test Point, diameter 1.0mm")
    (tags "test point SMD pad")
    (path /5AF7EF1D/5AD7A853)
    (attr virtual)
    (fp_text reference TP14 (at -3 0) (layer F.SilkS)
      (effects (font (size 1 1) (thickness 0.15)))
    )
    (fp_text value SHDN (at 0 1.55) (layer F.Fab)
      (effects (font (size 1 1) (thickness 0.15)))
    )
    (fp_text user %R (at 0 -1.45) (layer F.Fab)
      (effects (font (size 1 1) (thickness 0.15)))
    )
    (fp_circle (center 0 0) (end 1 0) (layer F.CrtYd) (width 0.05))
    (fp_circle (center 0 0) (end 0 0.7) (layer F.SilkS) (width 0.12))
    (pad 1 smd circle (at 0 0) (size 1 1) (layers F.Cu F.Mask)
      (net 50 "Net-(JP2-Pad1)"))
  )

  (module aOmat_liittimet:WJ250B-3.50-3P (layer F.Cu) (tedit 5ABECAFC) (tstamp 5B10AADB)
    (at 132.5 59.5)
    (path /5B10D6A5)
    (fp_text reference J8 (at -5 -4.75 90) (layer F.SilkS)
      (effects (font (size 1 1) (thickness 0.15)))
    )
    (fp_text value Conn_01x03 (at 0 0) (layer F.Fab)
      (effects (font (size 1 1) (thickness 0.15)))
    )
    (fp_line (start -6 6) (end 6 6) (layer F.SilkS) (width 0.15))
    (fp_line (start 6 6) (end 6 -6) (layer F.SilkS) (width 0.15))
    (fp_line (start 6 -6) (end -6 -6) (layer F.SilkS) (width 0.15))
    (fp_line (start -6 -6) (end -6 6) (layer F.SilkS) (width 0.15))
    (fp_line (start -6 -6) (end 6 -6) (layer F.CrtYd) (width 0.05))
    (fp_line (start 6 -6) (end 6 6) (layer F.CrtYd) (width 0.05))
    (fp_line (start 6 6) (end -6 6) (layer F.CrtYd) (width 0.05))
    (fp_line (start -6 6) (end -6 -6) (layer F.CrtYd) (width 0.05))
    (pad 1 thru_hole circle (at -3.5 2.5) (size 2 2) (drill 1.1) (layers *.Cu *.Mask)
      (net 3 +3V3))
    (pad 2 thru_hole circle (at 0 -2.5) (size 2 2) (drill 1.1) (layers *.Cu *.Mask)
      (net 49 "Net-(J8-Pad2)"))
    (pad 3 thru_hole circle (at 3.5 2.5) (size 2 2) (drill 1.1) (layers *.Cu *.Mask)
      (net 47 "Net-(J8-Pad3)"))
  )

  (module wemos_d1_mini:D1_mini_board (layer F.Cu) (tedit 5766F65E) (tstamp 5B017FC1)
    (at 129.6 79.2 270)
    (path /5AF7F74C)
    (fp_text reference U1 (at 0.05 14.85 270) (layer F.SilkS)
      (effects (font (size 1 1) (thickness 0.15)))
    )
    (fp_text value WeMos_mini (at 1.27 -19.05 270) (layer F.Fab)
      (effects (font (size 1 1) (thickness 0.15)))
    )
    (fp_line (start 11.431517 13.476932) (end 10.814156 13.476932) (layer F.SilkS) (width 0.1))
    (fp_line (start 11.431517 11.483738) (end 11.431517 13.476932) (layer F.SilkS) (width 0.1))
    (fp_line (start 10.778878 11.483738) (end 11.431517 11.483738) (layer F.SilkS) (width 0.1))
    (fp_line (start 10.796517 15.487765) (end 10.7436 9.402349) (layer F.SilkS) (width 0.1))
    (fp_line (start 9.226656 15.487765) (end 10.796517 15.487765) (layer F.SilkS) (width 0.1))
    (fp_line (start 8.697489 14.993876) (end 9.226656 15.487765) (layer F.SilkS) (width 0.1))
    (fp_line (start 7.40985 14.993876) (end 8.697489 14.993876) (layer F.SilkS) (width 0.1))
    (fp_line (start 7.40985 9.931515) (end 7.40985 14.993876) (layer F.SilkS) (width 0.1))
    (fp_line (start 8.662211 9.931515) (end 7.40985 9.931515) (layer F.SilkS) (width 0.1))
    (fp_line (start 9.191378 9.402349) (end 8.662211 9.931515) (layer F.SilkS) (width 0.1))
    (fp_line (start 10.7436 9.402349) (end 9.191378 9.402349) (layer F.SilkS) (width 0.1))
    (fp_line (start -3.17965 15.865188) (end -3.17965 10.051451) (layer F.SilkS) (width 0.1))
    (fp_line (start 3.959931 15.865188) (end -3.17965 15.865188) (layer F.SilkS) (width 0.1))
    (fp_line (start 3.959931 10.051451) (end 3.959931 15.865188) (layer F.SilkS) (width 0.1))
    (fp_line (start -3.17965 10.051451) (end 3.959931 10.051451) (layer F.SilkS) (width 0.1))
    (fp_line (start 10.83248 9.424181) (end 10.802686 16.232524) (layer F.SilkS) (width 0.1))
    (fp_line (start 12.776026 8.463285) (end 10.83248 9.424181) (layer F.SilkS) (width 0.1))
    (fp_line (start 12.751078 -14.091807) (end 12.776026 8.463285) (layer F.SilkS) (width 0.1))
    (fp_line (start 12.635482 -14.984575) (end 12.751078 -14.091807) (layer F.SilkS) (width 0.1))
    (fp_line (start 12.407122 -15.739613) (end 12.635482 -14.984575) (layer F.SilkS) (width 0.1))
    (fp_line (start 12.079595 -16.37146) (end 12.407122 -15.739613) (layer F.SilkS) (width 0.1))
    (fp_line (start 11.666503 -16.894658) (end 12.079595 -16.37146) (layer F.SilkS) (width 0.1))
    (fp_line (start 11.181445 -17.323743) (end 11.666503 -16.894658) (layer F.SilkS) (width 0.1))
    (fp_line (start 10.638018 -17.673258) (end 11.181445 -17.323743) (layer F.SilkS) (width 0.1))
    (fp_line (start 10.049824 -17.957741) (end 10.638018 -17.673258) (layer F.SilkS) (width 0.1))
    (fp_line (start 9.43046 -18.191734) (end 10.049824 -17.957741) (layer F.SilkS) (width 0.1))
    (fp_line (start -9.607453 -18.162976) (end 9.43046 -18.191734) (layer F.SilkS) (width 0.1))
    (fp_line (start -10.20525 -17.97731) (end -9.607453 -18.162976) (layer F.SilkS) (width 0.1))
    (fp_line (start -10.74944 -17.730377) (end -10.20525 -17.97731) (layer F.SilkS) (width 0.1))
    (fp_line (start -11.240512 -17.422741) (end -10.74944 -17.730377) (layer F.SilkS) (width 0.1))
    (fp_line (start -11.678953 -17.054952) (end -11.240512 -17.422741) (layer F.SilkS) (width 0.1))
    (fp_line (start -12.065253 -16.627577) (end -11.678953 -17.054952) (layer F.SilkS) (width 0.1))
    (fp_line (start -12.399901 -16.141167) (end -12.065253 -16.627577) (layer F.SilkS) (width 0.1))
    (fp_line (start -12.683384 -15.596286) (end -12.399901 -16.141167) (layer F.SilkS) (width 0.1))
    (fp_line (start -12.916195 -14.993493) (end -12.683384 -15.596286) (layer F.SilkS) (width 0.1))
    (fp_line (start -12.930193 16.176658) (end -12.916195 -14.993493) (layer F.SilkS) (width 0.1))
    (fp_line (start -3.849397 16.202736) (end -12.930193 16.176658) (layer F.SilkS) (width 0.1))
    (fp_line (start -3.851373 15.000483) (end -3.849397 16.202736) (layer F.SilkS) (width 0.1))
    (fp_line (start 4.979849 14.993795) (end -3.851373 15.000483) (layer F.SilkS) (width 0.1))
    (fp_line (start 5.00618 16.277228) (end 4.979849 14.993795) (layer F.SilkS) (width 0.1))
    (fp_line (start 10.817472 16.277228) (end 5.00618 16.277228) (layer F.SilkS) (width 0.1))
    (fp_line (start -8.89 -17.78) (end -8.89 5.08) (layer B.SilkS) (width 0.15))
    (fp_line (start 8.89 -17.78) (end -8.89 -17.78) (layer B.SilkS) (width 0.15))
    (fp_line (start 8.89 5.08) (end 8.89 -17.78) (layer B.SilkS) (width 0.15))
    (fp_line (start -8.89 5.08) (end 8.89 5.08) (layer B.SilkS) (width 0.15))
    (fp_line (start 6.35 3.81) (end -6.35 3.81) (layer B.SilkS) (width 0.15))
    (fp_line (start 6.35 -10.16) (end 6.35 3.81) (layer B.SilkS) (width 0.15))
    (fp_line (start -6.35 -10.16) (end 6.35 -10.16) (layer B.SilkS) (width 0.15))
    (fp_line (start -6.35 3.81) (end -6.35 -10.16) (layer B.SilkS) (width 0.15))
    (fp_text user WeMos (at 0 -15.24 270) (layer F.SilkS)
      (effects (font (size 3 3) (thickness 0.15)))
    )
    (pad 9 thru_hole circle (at 11.43 -10.16 270) (size 1.8 1.8) (drill 1.016) (layers *.Cu *.Mask F.SilkS)
      (net 42 "Net-(U1-Pad9)"))
    (pad 10 thru_hole circle (at 11.43 -7.62 270) (size 1.8 1.8) (drill 1.016) (layers *.Cu *.Mask F.SilkS)
      (net 41 "Net-(U1-Pad10)"))
    (pad 11 thru_hole circle (at 11.43 -5.08 270) (size 1.8 1.8) (drill 1.016) (layers *.Cu *.Mask F.SilkS)
      (net 40 "Net-(U1-Pad11)"))
    (pad 12 thru_hole circle (at 11.43 -2.54 270) (size 1.8 1.8) (drill 1.016) (layers *.Cu *.Mask F.SilkS)
      (net 39 "Net-(U1-Pad12)"))
    (pad 13 thru_hole circle (at 11.43 0 270) (size 1.8 1.8) (drill 1.016) (layers *.Cu *.Mask F.SilkS)
      (net 38 "Net-(U1-Pad13)"))
    (pad 14 thru_hole circle (at 11.43 2.54 270) (size 1.8 1.8) (drill 1.016) (layers *.Cu *.Mask F.SilkS)
      (net 47 "Net-(J8-Pad3)"))
    (pad 15 thru_hole circle (at 11.43 5.08 270) (size 1.8 1.8) (drill 1.016) (layers *.Cu *.Mask F.SilkS)
      (net 48 "Net-(JP1-Pad3)"))
    (pad 16 thru_hole circle (at 11.43 7.62 270) (size 1.8 1.8) (drill 1.016) (layers *.Cu *.Mask F.SilkS)
      (net 3 +3V3))
    (pad 1 thru_hole circle (at -11.43 7.62 270) (size 1.8 1.8) (drill 1.016) (layers *.Cu *.Mask F.SilkS)
      (net 37 "Net-(U1-Pad1)"))
    (pad 2 thru_hole circle (at -11.43 5.08 270) (size 1.8 1.8) (drill 1.016) (layers *.Cu *.Mask F.SilkS)
      (net 1 GND))
    (pad 3 thru_hole circle (at -11.43 2.54 270) (size 1.8 1.8) (drill 1.016) (layers *.Cu *.Mask F.SilkS)
      (net 36 fet_W))
    (pad 4 thru_hole circle (at -11.43 0 270) (size 1.8 1.8) (drill 1.016) (layers *.Cu *.Mask F.SilkS)
      (net 35 fet_B))
    (pad 5 thru_hole circle (at -11.43 -2.54 270) (size 1.8 1.8) (drill 1.016) (layers *.Cu *.Mask F.SilkS)
      (net 33 fet_R))
    (pad 6 thru_hole circle (at -11.43 -5.08 270) (size 1.8 1.8) (drill 1.016) (layers *.Cu *.Mask F.SilkS)
      (net 34 fet_G))
    (pad 7 thru_hole circle (at -11.43 -7.62 270) (size 1.8 1.8) (drill 1.016) (layers *.Cu *.Mask F.SilkS)
      (net 32 "Net-(U1-Pad7)"))
    (pad 8 thru_hole circle (at -11.43 -10.16 270) (size 1.8 1.8) (drill 1.016) (layers *.Cu *.Mask F.SilkS)
      (net 31 "Net-(U1-Pad8)"))
  )

  (module Jumper:SolderJumper-3_P1.3mm_Bridged12_RoundedPad1.0x1.5mm (layer B.Cu) (tedit 5A3F8C1A) (tstamp 5B10AC62)
    (at 123.75 86.5)
    (descr "SMD Solder 3-pad Jumper, 1x1.5mm rounded Pads, 0.3mm gap, pads 1-2 bridged with 1 copper strip")
    (tags "solder jumper open")
    (path /5B147359)
    (attr virtual)
    (fp_text reference JP1 (at 0 1.8) (layer B.SilkS)
      (effects (font (size 1 1) (thickness 0.15)) (justify mirror))
    )
    (fp_text value SolderJumper_3_Bridged12 (at 0 -1.9) (layer B.Fab)
      (effects (font (size 1 1) (thickness 0.15)) (justify mirror))
    )
    (fp_line (start -1.2 -1.2) (end -0.9 -1.5) (layer B.SilkS) (width 0.12))
    (fp_line (start -1.5 -1.5) (end -0.9 -1.5) (layer B.SilkS) (width 0.12))
    (fp_line (start -1.2 -1.2) (end -1.5 -1.5) (layer B.SilkS) (width 0.12))
    (fp_line (start -2.05 -0.3) (end -2.05 0.3) (layer B.SilkS) (width 0.12))
    (fp_line (start 1.4 -1) (end -1.4 -1) (layer B.SilkS) (width 0.12))
    (fp_line (start 2.05 0.3) (end 2.05 -0.3) (layer B.SilkS) (width 0.12))
    (fp_line (start -1.4 1) (end 1.4 1) (layer B.SilkS) (width 0.12))
    (fp_line (start -2.3 1.25) (end 2.3 1.25) (layer B.CrtYd) (width 0.05))
    (fp_line (start -2.3 1.25) (end -2.3 -1.25) (layer B.CrtYd) (width 0.05))
    (fp_line (start 2.3 -1.25) (end 2.3 1.25) (layer B.CrtYd) (width 0.05))
    (fp_line (start 2.3 -1.25) (end -2.3 -1.25) (layer B.CrtYd) (width 0.05))
    (fp_arc (start 1.35 0.3) (end 2.05 0.3) (angle 90) (layer B.SilkS) (width 0.12))
    (fp_arc (start 1.35 -0.3) (end 1.35 -1) (angle 90) (layer B.SilkS) (width 0.12))
    (fp_arc (start -1.35 -0.3) (end -2.05 -0.3) (angle 90) (layer B.SilkS) (width 0.12))
    (fp_arc (start -1.35 0.3) (end -1.35 1) (angle 90) (layer B.SilkS) (width 0.12))
    (pad 1 smd roundrect (at -1.3 0) (size 1 1.5) (layers B.Cu B.Mask)(roundrect_rratio 0.5)
      (net 1 GND))
    (pad 1 smd rect (at -1 0) (size 0.5 1.5) (layers B.Cu B.Mask)
      (net 1 GND))
    (pad 2 smd rect (at 0 0) (size 1 1.5) (layers B.Cu B.Mask)
      (net 49 "Net-(J8-Pad2)"))
    (pad 3 smd roundrect (at 1.3 0) (size 1 1.5) (layers B.Cu B.Mask)(roundrect_rratio 0.5)
      (net 48 "Net-(JP1-Pad3)"))
    (pad 3 smd rect (at 1 0) (size 0.5 1.5) (layers B.Cu B.Mask)
      (net 48 "Net-(JP1-Pad3)"))
    (pad 1 smd rect (at -0.65 0) (size 0.5 0.6) (layers B.Cu B.Mask)
      (net 1 GND))
  )

  (module Capacitor_SMD:C_0805_2012Metric (layer F.Cu) (tedit 59FE48B8) (tstamp 5B0213E6)
    (at 135 72.25 270)
    (descr "Capacitor SMD 0805 (2012 Metric), square (rectangular) end terminal, IPC_7351 nominal, (Body size source: http://www.tortai-tech.com/upload/download/2011102023233369053.pdf), generated with kicad-footprint-generator")
    (tags capacitor)
    (path /5AF7EF1D/5ABF7752)
    (attr smd)
    (fp_text reference C8 (at 0 -1.85 270) (layer F.SilkS)
      (effects (font (size 1 1) (thickness 0.15)))
    )
    (fp_text value 10pF (at 0 1.85 270) (layer F.Fab)
      (effects (font (size 1 1) (thickness 0.15)))
    )
    (fp_text user %R (at 0 0 270) (layer F.Fab)
      (effects (font (size 0.5 0.5) (thickness 0.08)))
    )
    (fp_line (start 1.69 1) (end -1.69 1) (layer F.CrtYd) (width 0.05))
    (fp_line (start 1.69 -1) (end 1.69 1) (layer F.CrtYd) (width 0.05))
    (fp_line (start -1.69 -1) (end 1.69 -1) (layer F.CrtYd) (width 0.05))
    (fp_line (start -1.69 1) (end -1.69 -1) (layer F.CrtYd) (width 0.05))
    (fp_line (start -0.15 0.71) (end 0.15 0.71) (layer F.SilkS) (width 0.12))
    (fp_line (start -0.15 -0.71) (end 0.15 -0.71) (layer F.SilkS) (width 0.12))
    (fp_line (start 1 0.6) (end -1 0.6) (layer F.Fab) (width 0.1))
    (fp_line (start 1 -0.6) (end 1 0.6) (layer F.Fab) (width 0.1))
    (fp_line (start -1 -0.6) (end 1 -0.6) (layer F.Fab) (width 0.1))
    (fp_line (start -1 0.6) (end -1 -0.6) (layer F.Fab) (width 0.1))
    (pad 2 smd rect (at 0.955 0 270) (size 0.97 1.5) (layers F.Cu F.Paste F.Mask)
      (net 3 +3V3))
    (pad 1 smd rect (at -0.955 0 270) (size 0.97 1.5) (layers F.Cu F.Paste F.Mask)
      (net 6 "Net-(C8-Pad1)"))
    (model ${KISYS3DMOD}/Capacitor_SMD.3dshapes/C_0805_2012Metric.wrl
      (at (xyz 0 0 0))
      (scale (xyz 1 1 1))
      (rotate (xyz 0 0 0))
    )
  )

  (module Connector_JST:JST_XH_B05B-XH-A_1x05_P2.50mm_Vertical (layer F.Cu) (tedit 5A2731AA) (tstamp 5B08F8C0)
    (at 175.8 78.2 270)
    (descr "JST XH series connector, B05B-XH-A (http://www.jst-mfg.com/product/pdf/eng/eXH.pdf), generated with kicad-footprint-generator")
    (tags "connector JST XH side entry")
    (path /5AF8C4BD)
    (fp_text reference J3 (at 5 -3.55 270) (layer F.SilkS)
      (effects (font (size 1 1) (thickness 0.15)))
    )
    (fp_text value Conn_01x05_Male (at 5 4.6 270) (layer F.Fab)
      (effects (font (size 1 1) (thickness 0.15)))
    )
    (fp_text user %R (at 5 2.7 270) (layer F.Fab)
      (effects (font (size 1 1) (thickness 0.15)))
    )
    (fp_line (start -2.85 -2.75) (end -2.85 -1.5) (layer F.SilkS) (width 0.12))
    (fp_line (start -1.6 -2.75) (end -2.85 -2.75) (layer F.SilkS) (width 0.12))
    (fp_line (start 11.8 2.75) (end 5 2.75) (layer F.SilkS) (width 0.12))
    (fp_line (start 11.8 -0.2) (end 11.8 2.75) (layer F.SilkS) (width 0.12))
    (fp_line (start 12.55 -0.2) (end 11.8 -0.2) (layer F.SilkS) (width 0.12))
    (fp_line (start -1.8 2.75) (end 5 2.75) (layer F.SilkS) (width 0.12))
    (fp_line (start -1.8 -0.2) (end -1.8 2.75) (layer F.SilkS) (width 0.12))
    (fp_line (start -2.55 -0.2) (end -1.8 -0.2) (layer F.SilkS) (width 0.12))
    (fp_line (start 12.55 -2.45) (end 10.75 -2.45) (layer F.SilkS) (width 0.12))
    (fp_line (start 12.55 -1.7) (end 12.55 -2.45) (layer F.SilkS) (width 0.12))
    (fp_line (start 10.75 -1.7) (end 12.55 -1.7) (layer F.SilkS) (width 0.12))
    (fp_line (start 10.75 -2.45) (end 10.75 -1.7) (layer F.SilkS) (width 0.12))
    (fp_line (start -0.75 -2.45) (end -2.55 -2.45) (layer F.SilkS) (width 0.12))
    (fp_line (start -0.75 -1.7) (end -0.75 -2.45) (layer F.SilkS) (width 0.12))
    (fp_line (start -2.55 -1.7) (end -0.75 -1.7) (layer F.SilkS) (width 0.12))
    (fp_line (start -2.55 -2.45) (end -2.55 -1.7) (layer F.SilkS) (width 0.12))
    (fp_line (start 9.25 -2.45) (end 0.75 -2.45) (layer F.SilkS) (width 0.12))
    (fp_line (start 9.25 -1.7) (end 9.25 -2.45) (layer F.SilkS) (width 0.12))
    (fp_line (start 0.75 -1.7) (end 9.25 -1.7) (layer F.SilkS) (width 0.12))
    (fp_line (start 0.75 -2.45) (end 0.75 -1.7) (layer F.SilkS) (width 0.12))
    (fp_line (start 0 -1.35) (end 0.625 -2.35) (layer F.Fab) (width 0.1))
    (fp_line (start -0.625 -2.35) (end 0 -1.35) (layer F.Fab) (width 0.1))
    (fp_line (start 12.95 -2.85) (end -2.95 -2.85) (layer F.CrtYd) (width 0.05))
    (fp_line (start 12.95 3.9) (end 12.95 -2.85) (layer F.CrtYd) (width 0.05))
    (fp_line (start -2.95 3.9) (end 12.95 3.9) (layer F.CrtYd) (width 0.05))
    (fp_line (start -2.95 -2.85) (end -2.95 3.9) (layer F.CrtYd) (width 0.05))
    (fp_line (start 12.56 -2.46) (end -2.56 -2.46) (layer F.SilkS) (width 0.12))
    (fp_line (start 12.56 3.51) (end 12.56 -2.46) (layer F.SilkS) (width 0.12))
    (fp_line (start -2.56 3.51) (end 12.56 3.51) (layer F.SilkS) (width 0.12))
    (fp_line (start -2.56 -2.46) (end -2.56 3.51) (layer F.SilkS) (width 0.12))
    (fp_line (start 12.45 -2.35) (end -2.45 -2.35) (layer F.Fab) (width 0.1))
    (fp_line (start 12.45 3.4) (end 12.45 -2.35) (layer F.Fab) (width 0.1))
    (fp_line (start -2.45 3.4) (end 12.45 3.4) (layer F.Fab) (width 0.1))
    (fp_line (start -2.45 -2.35) (end -2.45 3.4) (layer F.Fab) (width 0.1))
    (pad 5 thru_hole oval (at 10 0 270) (size 1.7 1.95) (drill 0.95) (layers *.Cu *.Mask)
      (net 19 "Net-(F9-Pad1)"))
    (pad 4 thru_hole oval (at 7.5 0 270) (size 1.7 1.95) (drill 0.95) (layers *.Cu *.Mask)
      (net 20 "Net-(F10-Pad1)"))
    (pad 3 thru_hole oval (at 5 0 270) (size 1.7 1.95) (drill 0.95) (layers *.Cu *.Mask)
      (net 21 "Net-(F11-Pad1)"))
    (pad 2 thru_hole oval (at 2.5 0 270) (size 1.7 1.95) (drill 0.95) (layers *.Cu *.Mask)
      (net 22 "Net-(F12-Pad1)"))
    (pad 1 thru_hole rect (at 0 0 270) (size 1.7 1.95) (drill 0.95) (layers *.Cu *.Mask)
      (net 2 +12V))
    (model ${KISYS3DMOD}/Connector_JST.3dshapes/JST_XH_B05B-XH-A_1x05_P2.50mm_Vertical.wrl
      (at (xyz 0 0 0))
      (scale (xyz 1 1 1))
      (rotate (xyz 0 0 0))
    )
  )

  (module Fuse:Fuse_1206_3216Metric (layer B.Cu) (tedit 5A1C8A68) (tstamp 5B043592)
    (at 195.3 87.695 270)
    (descr "Fuse SMD 1206 (3216 Metric), square (rectangular) end terminal, IPC_7351 nominal, (Body size source: http://www.tortai-tech.com/upload/download/2011102023233369053.pdf), generated with kicad-footprint-generator")
    (tags resistor)
    (path /5AF80CAF)
    (attr smd)
    (fp_text reference F2 (at 0 -1.95 270) (layer B.SilkS)
      (effects (font (size 1 1) (thickness 0.15)) (justify mirror))
    )
    (fp_text value Polyfuse_Small (at 0 -2.05 270) (layer B.Fab)
      (effects (font (size 1 1) (thickness 0.15)) (justify mirror))
    )
    (fp_text user %R (at 0 0 270) (layer B.Fab)
      (effects (font (size 0.8 0.8) (thickness 0.12)) (justify mirror))
    )
    (fp_line (start 2.29 -1.15) (end -2.29 -1.15) (layer B.CrtYd) (width 0.05))
    (fp_line (start 2.29 1.15) (end 2.29 -1.15) (layer B.CrtYd) (width 0.05))
    (fp_line (start -2.29 1.15) (end 2.29 1.15) (layer B.CrtYd) (width 0.05))
    (fp_line (start -2.29 -1.15) (end -2.29 1.15) (layer B.CrtYd) (width 0.05))
    (fp_line (start -0.65 -0.91) (end 0.65 -0.91) (layer B.SilkS) (width 0.12))
    (fp_line (start -0.65 0.91) (end 0.65 0.91) (layer B.SilkS) (width 0.12))
    (fp_line (start 1.6 -0.8) (end -1.6 -0.8) (layer B.Fab) (width 0.1))
    (fp_line (start 1.6 0.8) (end 1.6 -0.8) (layer B.Fab) (width 0.1))
    (fp_line (start -1.6 0.8) (end 1.6 0.8) (layer B.Fab) (width 0.1))
    (fp_line (start -1.6 -0.8) (end -1.6 0.8) (layer B.Fab) (width 0.1))
    (pad 2 smd rect (at 1.505 0 270) (size 1.07 1.8) (layers B.Cu B.Paste B.Mask)
      (net 9 "Net-(F10-Pad2)"))
    (pad 1 smd rect (at -1.505 0 270) (size 1.07 1.8) (layers B.Cu B.Paste B.Mask)
      (net 10 "Net-(F2-Pad1)"))
    (model ${KISYS3DMOD}/Fuse.3dshapes/Fuse_1206_3216Metric.wrl
      (at (xyz 0 0 0))
      (scale (xyz 1 1 1))
      (rotate (xyz 0 0 0))
    )
  )

  (module Fuse:Fuse_1206_3216Metric (layer F.Cu) (tedit 5A1C8A68) (tstamp 5B043581)
    (at 195.3 87.7 270)
    (descr "Fuse SMD 1206 (3216 Metric), square (rectangular) end terminal, IPC_7351 nominal, (Body size source: http://www.tortai-tech.com/upload/download/2011102023233369053.pdf), generated with kicad-footprint-generator")
    (tags resistor)
    (path /5AF7F985)
    (attr smd)
    (fp_text reference F1 (at 0 -1.95 270) (layer F.SilkS)
      (effects (font (size 1 1) (thickness 0.15)))
    )
    (fp_text value Polyfuse_Small (at 0 2.05 270) (layer F.Fab)
      (effects (font (size 1 1) (thickness 0.15)))
    )
    (fp_text user %R (at 0 0 270) (layer F.Fab)
      (effects (font (size 0.8 0.8) (thickness 0.12)))
    )
    (fp_line (start 2.29 1.15) (end -2.29 1.15) (layer F.CrtYd) (width 0.05))
    (fp_line (start 2.29 -1.15) (end 2.29 1.15) (layer F.CrtYd) (width 0.05))
    (fp_line (start -2.29 -1.15) (end 2.29 -1.15) (layer F.CrtYd) (width 0.05))
    (fp_line (start -2.29 1.15) (end -2.29 -1.15) (layer F.CrtYd) (width 0.05))
    (fp_line (start -0.65 0.91) (end 0.65 0.91) (layer F.SilkS) (width 0.12))
    (fp_line (start -0.65 -0.91) (end 0.65 -0.91) (layer F.SilkS) (width 0.12))
    (fp_line (start 1.6 0.8) (end -1.6 0.8) (layer F.Fab) (width 0.1))
    (fp_line (start 1.6 -0.8) (end 1.6 0.8) (layer F.Fab) (width 0.1))
    (fp_line (start -1.6 -0.8) (end 1.6 -0.8) (layer F.Fab) (width 0.1))
    (fp_line (start -1.6 0.8) (end -1.6 -0.8) (layer F.Fab) (width 0.1))
    (pad 2 smd rect (at 1.505 0 270) (size 1.07 1.8) (layers F.Cu F.Paste F.Mask)
      (net 8 "Net-(F1-Pad2)"))
    (pad 1 smd rect (at -1.505 0 270) (size 1.07 1.8) (layers F.Cu F.Paste F.Mask)
      (net 7 "Net-(F1-Pad1)"))
    (model ${KISYS3DMOD}/Fuse.3dshapes/Fuse_1206_3216Metric.wrl
      (at (xyz 0 0 0))
      (scale (xyz 1 1 1))
      (rotate (xyz 0 0 0))
    )
  )

  (module Fuse:Fuse_1206_3216Metric (layer B.Cu) (tedit 5A1C8A68) (tstamp 5B0435B4)
    (at 195.3 81.705 90)
    (descr "Fuse SMD 1206 (3216 Metric), square (rectangular) end terminal, IPC_7351 nominal, (Body size source: http://www.tortai-tech.com/upload/download/2011102023233369053.pdf), generated with kicad-footprint-generator")
    (tags resistor)
    (path /5AF80CE2)
    (attr smd)
    (fp_text reference F4 (at 0 2.05 90) (layer B.SilkS)
      (effects (font (size 1 1) (thickness 0.15)) (justify mirror))
    )
    (fp_text value Polyfuse_Small (at 0 -2.05 90) (layer B.Fab)
      (effects (font (size 1 1) (thickness 0.15)) (justify mirror))
    )
    (fp_text user %R (at 0 0 90) (layer B.Fab)
      (effects (font (size 0.8 0.8) (thickness 0.12)) (justify mirror))
    )
    (fp_line (start 2.29 -1.15) (end -2.29 -1.15) (layer B.CrtYd) (width 0.05))
    (fp_line (start 2.29 1.15) (end 2.29 -1.15) (layer B.CrtYd) (width 0.05))
    (fp_line (start -2.29 1.15) (end 2.29 1.15) (layer B.CrtYd) (width 0.05))
    (fp_line (start -2.29 -1.15) (end -2.29 1.15) (layer B.CrtYd) (width 0.05))
    (fp_line (start -0.65 -0.91) (end 0.65 -0.91) (layer B.SilkS) (width 0.12))
    (fp_line (start -0.65 0.91) (end 0.65 0.91) (layer B.SilkS) (width 0.12))
    (fp_line (start 1.6 -0.8) (end -1.6 -0.8) (layer B.Fab) (width 0.1))
    (fp_line (start 1.6 0.8) (end 1.6 -0.8) (layer B.Fab) (width 0.1))
    (fp_line (start -1.6 0.8) (end 1.6 0.8) (layer B.Fab) (width 0.1))
    (fp_line (start -1.6 -0.8) (end -1.6 0.8) (layer B.Fab) (width 0.1))
    (pad 2 smd rect (at 1.505 0 90) (size 1.07 1.8) (layers B.Cu B.Paste B.Mask)
      (net 13 "Net-(F12-Pad2)"))
    (pad 1 smd rect (at -1.505 0 90) (size 1.07 1.8) (layers B.Cu B.Paste B.Mask)
      (net 14 "Net-(F4-Pad1)"))
    (model ${KISYS3DMOD}/Fuse.3dshapes/Fuse_1206_3216Metric.wrl
      (at (xyz 0 0 0))
      (scale (xyz 1 1 1))
      (rotate (xyz 0 0 0))
    )
  )

  (module Fuse:Fuse_1206_3216Metric (layer B.Cu) (tedit 5A1C8A68) (tstamp 5B0727A6)
    (at 182.3 87.7 270)
    (descr "Fuse SMD 1206 (3216 Metric), square (rectangular) end terminal, IPC_7351 nominal, (Body size source: http://www.tortai-tech.com/upload/download/2011102023233369053.pdf), generated with kicad-footprint-generator")
    (tags resistor)
    (path /5AF8C08E)
    (attr smd)
    (fp_text reference F6 (at 0 -1.95 270) (layer B.SilkS)
      (effects (font (size 1 1) (thickness 0.15)) (justify mirror))
    )
    (fp_text value Polyfuse_Small (at 0 -2.05 270) (layer B.Fab)
      (effects (font (size 1 1) (thickness 0.15)) (justify mirror))
    )
    (fp_text user %R (at 0 0 270) (layer B.Fab)
      (effects (font (size 0.8 0.8) (thickness 0.12)) (justify mirror))
    )
    (fp_line (start 2.29 -1.15) (end -2.29 -1.15) (layer B.CrtYd) (width 0.05))
    (fp_line (start 2.29 1.15) (end 2.29 -1.15) (layer B.CrtYd) (width 0.05))
    (fp_line (start -2.29 1.15) (end 2.29 1.15) (layer B.CrtYd) (width 0.05))
    (fp_line (start -2.29 -1.15) (end -2.29 1.15) (layer B.CrtYd) (width 0.05))
    (fp_line (start -0.65 -0.91) (end 0.65 -0.91) (layer B.SilkS) (width 0.12))
    (fp_line (start -0.65 0.91) (end 0.65 0.91) (layer B.SilkS) (width 0.12))
    (fp_line (start 1.6 -0.8) (end -1.6 -0.8) (layer B.Fab) (width 0.1))
    (fp_line (start 1.6 0.8) (end 1.6 -0.8) (layer B.Fab) (width 0.1))
    (fp_line (start -1.6 0.8) (end 1.6 0.8) (layer B.Fab) (width 0.1))
    (fp_line (start -1.6 -0.8) (end -1.6 0.8) (layer B.Fab) (width 0.1))
    (pad 2 smd rect (at 1.505 0 270) (size 1.07 1.8) (layers B.Cu B.Paste B.Mask)
      (net 9 "Net-(F10-Pad2)"))
    (pad 1 smd rect (at -1.505 0 270) (size 1.07 1.8) (layers B.Cu B.Paste B.Mask)
      (net 16 "Net-(F6-Pad1)"))
    (model ${KISYS3DMOD}/Fuse.3dshapes/Fuse_1206_3216Metric.wrl
      (at (xyz 0 0 0))
      (scale (xyz 1 1 1))
      (rotate (xyz 0 0 0))
    )
  )

  (module Fuse:Fuse_1206_3216Metric (layer B.Cu) (tedit 5A1C8A68) (tstamp 5B0435F8)
    (at 182.3 81.7 90)
    (descr "Fuse SMD 1206 (3216 Metric), square (rectangular) end terminal, IPC_7351 nominal, (Body size source: http://www.tortai-tech.com/upload/download/2011102023233369053.pdf), generated with kicad-footprint-generator")
    (tags resistor)
    (path /5AF8C0A0)
    (attr smd)
    (fp_text reference F8 (at 0 2.05 90) (layer B.SilkS)
      (effects (font (size 1 1) (thickness 0.15)) (justify mirror))
    )
    (fp_text value Polyfuse_Small (at 0 -2.05 90) (layer B.Fab)
      (effects (font (size 1 1) (thickness 0.15)) (justify mirror))
    )
    (fp_text user %R (at 0 0 90) (layer B.Fab)
      (effects (font (size 0.8 0.8) (thickness 0.12)) (justify mirror))
    )
    (fp_line (start 2.29 -1.15) (end -2.29 -1.15) (layer B.CrtYd) (width 0.05))
    (fp_line (start 2.29 1.15) (end 2.29 -1.15) (layer B.CrtYd) (width 0.05))
    (fp_line (start -2.29 1.15) (end 2.29 1.15) (layer B.CrtYd) (width 0.05))
    (fp_line (start -2.29 -1.15) (end -2.29 1.15) (layer B.CrtYd) (width 0.05))
    (fp_line (start -0.65 -0.91) (end 0.65 -0.91) (layer B.SilkS) (width 0.12))
    (fp_line (start -0.65 0.91) (end 0.65 0.91) (layer B.SilkS) (width 0.12))
    (fp_line (start 1.6 -0.8) (end -1.6 -0.8) (layer B.Fab) (width 0.1))
    (fp_line (start 1.6 0.8) (end 1.6 -0.8) (layer B.Fab) (width 0.1))
    (fp_line (start -1.6 0.8) (end 1.6 0.8) (layer B.Fab) (width 0.1))
    (fp_line (start -1.6 -0.8) (end -1.6 0.8) (layer B.Fab) (width 0.1))
    (pad 2 smd rect (at 1.505 0 90) (size 1.07 1.8) (layers B.Cu B.Paste B.Mask)
      (net 13 "Net-(F12-Pad2)"))
    (pad 1 smd rect (at -1.505 0 90) (size 1.07 1.8) (layers B.Cu B.Paste B.Mask)
      (net 18 "Net-(F8-Pad1)"))
    (model ${KISYS3DMOD}/Fuse.3dshapes/Fuse_1206_3216Metric.wrl
      (at (xyz 0 0 0))
      (scale (xyz 1 1 1))
      (rotate (xyz 0 0 0))
    )
  )

  (module Fuse:Fuse_1206_3216Metric (layer F.Cu) (tedit 5A1C8A68) (tstamp 5B043609)
    (at 169.3 87.7 270)
    (descr "Fuse SMD 1206 (3216 Metric), square (rectangular) end terminal, IPC_7351 nominal, (Body size source: http://www.tortai-tech.com/upload/download/2011102023233369053.pdf), generated with kicad-footprint-generator")
    (tags resistor)
    (path /5AF8C49B)
    (attr smd)
    (fp_text reference F9 (at 0 -1.95 270) (layer F.SilkS)
      (effects (font (size 1 1) (thickness 0.15)))
    )
    (fp_text value Polyfuse_Small (at 0 2.05 270) (layer F.Fab)
      (effects (font (size 1 1) (thickness 0.15)))
    )
    (fp_text user %R (at 0 0 270) (layer F.Fab)
      (effects (font (size 0.8 0.8) (thickness 0.12)))
    )
    (fp_line (start 2.29 1.15) (end -2.29 1.15) (layer F.CrtYd) (width 0.05))
    (fp_line (start 2.29 -1.15) (end 2.29 1.15) (layer F.CrtYd) (width 0.05))
    (fp_line (start -2.29 -1.15) (end 2.29 -1.15) (layer F.CrtYd) (width 0.05))
    (fp_line (start -2.29 1.15) (end -2.29 -1.15) (layer F.CrtYd) (width 0.05))
    (fp_line (start -0.65 0.91) (end 0.65 0.91) (layer F.SilkS) (width 0.12))
    (fp_line (start -0.65 -0.91) (end 0.65 -0.91) (layer F.SilkS) (width 0.12))
    (fp_line (start 1.6 0.8) (end -1.6 0.8) (layer F.Fab) (width 0.1))
    (fp_line (start 1.6 -0.8) (end 1.6 0.8) (layer F.Fab) (width 0.1))
    (fp_line (start -1.6 -0.8) (end 1.6 -0.8) (layer F.Fab) (width 0.1))
    (fp_line (start -1.6 0.8) (end -1.6 -0.8) (layer F.Fab) (width 0.1))
    (pad 2 smd rect (at 1.505 0 270) (size 1.07 1.8) (layers F.Cu F.Paste F.Mask)
      (net 8 "Net-(F1-Pad2)"))
    (pad 1 smd rect (at -1.505 0 270) (size 1.07 1.8) (layers F.Cu F.Paste F.Mask)
      (net 19 "Net-(F9-Pad1)"))
    (model ${KISYS3DMOD}/Fuse.3dshapes/Fuse_1206_3216Metric.wrl
      (at (xyz 0 0 0))
      (scale (xyz 1 1 1))
      (rotate (xyz 0 0 0))
    )
  )

  (module Fuse:Fuse_1206_3216Metric (layer F.Cu) (tedit 5A1C8A68) (tstamp 5B0435C5)
    (at 182.3 87.7 270)
    (descr "Fuse SMD 1206 (3216 Metric), square (rectangular) end terminal, IPC_7351 nominal, (Body size source: http://www.tortai-tech.com/upload/download/2011102023233369053.pdf), generated with kicad-footprint-generator")
    (tags resistor)
    (path /5AF8C085)
    (attr smd)
    (fp_text reference F5 (at 0 -1.95 270) (layer F.SilkS)
      (effects (font (size 1 1) (thickness 0.15)))
    )
    (fp_text value Polyfuse_Small (at 0 2.05 270) (layer F.Fab)
      (effects (font (size 1 1) (thickness 0.15)))
    )
    (fp_text user %R (at 0 0 270) (layer F.Fab)
      (effects (font (size 0.8 0.8) (thickness 0.12)))
    )
    (fp_line (start 2.29 1.15) (end -2.29 1.15) (layer F.CrtYd) (width 0.05))
    (fp_line (start 2.29 -1.15) (end 2.29 1.15) (layer F.CrtYd) (width 0.05))
    (fp_line (start -2.29 -1.15) (end 2.29 -1.15) (layer F.CrtYd) (width 0.05))
    (fp_line (start -2.29 1.15) (end -2.29 -1.15) (layer F.CrtYd) (width 0.05))
    (fp_line (start -0.65 0.91) (end 0.65 0.91) (layer F.SilkS) (width 0.12))
    (fp_line (start -0.65 -0.91) (end 0.65 -0.91) (layer F.SilkS) (width 0.12))
    (fp_line (start 1.6 0.8) (end -1.6 0.8) (layer F.Fab) (width 0.1))
    (fp_line (start 1.6 -0.8) (end 1.6 0.8) (layer F.Fab) (width 0.1))
    (fp_line (start -1.6 -0.8) (end 1.6 -0.8) (layer F.Fab) (width 0.1))
    (fp_line (start -1.6 0.8) (end -1.6 -0.8) (layer F.Fab) (width 0.1))
    (pad 2 smd rect (at 1.505 0 270) (size 1.07 1.8) (layers F.Cu F.Paste F.Mask)
      (net 8 "Net-(F1-Pad2)"))
    (pad 1 smd rect (at -1.505 0 270) (size 1.07 1.8) (layers F.Cu F.Paste F.Mask)
      (net 15 "Net-(F5-Pad1)"))
    (model ${KISYS3DMOD}/Fuse.3dshapes/Fuse_1206_3216Metric.wrl
      (at (xyz 0 0 0))
      (scale (xyz 1 1 1))
      (rotate (xyz 0 0 0))
    )
  )

  (module Fuse:Fuse_1206_3216Metric (layer B.Cu) (tedit 5A1C8A68) (tstamp 5B04361A)
    (at 169.3 87.705 270)
    (descr "Fuse SMD 1206 (3216 Metric), square (rectangular) end terminal, IPC_7351 nominal, (Body size source: http://www.tortai-tech.com/upload/download/2011102023233369053.pdf), generated with kicad-footprint-generator")
    (tags resistor)
    (path /5AF8C4A4)
    (attr smd)
    (fp_text reference F10 (at 0.045 -1.95 270) (layer B.SilkS)
      (effects (font (size 1 1) (thickness 0.15)) (justify mirror))
    )
    (fp_text value Polyfuse_Small (at 0 -2.05 270) (layer B.Fab)
      (effects (font (size 1 1) (thickness 0.15)) (justify mirror))
    )
    (fp_text user %R (at 0 0 270) (layer B.Fab)
      (effects (font (size 0.8 0.8) (thickness 0.12)) (justify mirror))
    )
    (fp_line (start 2.29 -1.15) (end -2.29 -1.15) (layer B.CrtYd) (width 0.05))
    (fp_line (start 2.29 1.15) (end 2.29 -1.15) (layer B.CrtYd) (width 0.05))
    (fp_line (start -2.29 1.15) (end 2.29 1.15) (layer B.CrtYd) (width 0.05))
    (fp_line (start -2.29 -1.15) (end -2.29 1.15) (layer B.CrtYd) (width 0.05))
    (fp_line (start -0.65 -0.91) (end 0.65 -0.91) (layer B.SilkS) (width 0.12))
    (fp_line (start -0.65 0.91) (end 0.65 0.91) (layer B.SilkS) (width 0.12))
    (fp_line (start 1.6 -0.8) (end -1.6 -0.8) (layer B.Fab) (width 0.1))
    (fp_line (start 1.6 0.8) (end 1.6 -0.8) (layer B.Fab) (width 0.1))
    (fp_line (start -1.6 0.8) (end 1.6 0.8) (layer B.Fab) (width 0.1))
    (fp_line (start -1.6 -0.8) (end -1.6 0.8) (layer B.Fab) (width 0.1))
    (pad 2 smd rect (at 1.505 0 270) (size 1.07 1.8) (layers B.Cu B.Paste B.Mask)
